1449133
1531596
1433240
1133874
1614212
1248991
1024201
985208
1012674
1174439
932866
1204242
1045427
1796774
1314013
1207715
990298
1095598
1109395
1538900
1023206
1850599
1413504
1253251
1056474
1300656
1033256
1094512
1040779
1032783
1146656
1422511
1057894
1617905
1090982
999095
1048423
1116610
1041169
1088372
1038346
1184174
1015784
1081067
1617546
1032416
1055432
1124391
959810
1064781
1463536
1052329
984223
1067250
1067518
1034495
1210092
1092988
1077068
935379
1044429
1112893
1008737
1013364
1073209
1074323
1165543
1087530
1371395
1013452
1359344
981987
941291
1011060
1076974
1188912
1093192
1020899
1050273
1168621
1201522
976980
1058547
1002639
1081971
1131788
1123528
1013783
1146720
1092318
1260623
1205122
1290681
1174659
1027132
1067277
1072623
1125527
1263086
1103362
1085059
1053312
1126893
1695161
1089033
1926920
1819769
1298594
1045641
1408438
1022689
1674055
1041236
1081274
1894515
1100556
1041557
1052594
1207695
1024319
1008799
1621154
1671405
1327190
1482622
1523728
1013565
1013547
1080321
1030226
1368376
1122062
962339
1022953
1101010
1566861
1113592
1322252
1069087
1097065
1078836
1042229
1038268
1120239
1010332
1022931
985713
1154327
1045737
1140335
1013215
1562856
993541
1020026
1140161
1088031
1136192
1017289
1019107
1645003
1201860
1257142
1037696
1030809
1128752
1097996
1131273
983524
1219085
1104882
1602103
1057084
1938150
1006411
1081335
1107114
1104461
1121411
1031158
1220759
1105157
1126373
1018814
1042158
1015740
1077805
1113443
1091468
972364
1110978
1188120
1101063
1071587
1075522
1172839
1321854
1384111
1642469
1785329
1101603
1077548
1823775
1089412
1181018
1009954
1099949
1019315
1254356
1206944
1078560
982124
1461256
1039991
1140594
1078098
1187314
1129172
1073597
1471617
1115683
1049608
1136057
957364
987819
1151782
937338
976674
1104403
1431872
985242
1084722
1286079
987479
1273470
925929
1051230
1069341
989289
1135610
972805
1284459
1032108
1241489
1017542
1069808
1000697
1112215
1039962
1121881
1046654
1067081
1507528
1122598
1442440
1315673
984541
995676
1091425
1032079
1878621
1481597
979058
1109074
1095033
1267994
1035634
1166964
1074405
1063912
1064701
1089573
970533
1138494
1016110
1057447
993649
1179732
1247377
1036856
992351
1161674
1014809
1323644
1064563
1080231
1078971
1009787
1385599
1767215
1900180
1336807
1038857
1134604
990624
1056061
1006506
1113155
1014930
1021202
1398034
1096279
1006900
1279491
979988
1355963
991628
1097557
996423
1221989
957765
1044946
959405
1022550
1032907
1215911
1625558
1096080
1003227
1088799
1541575
1364682
980000
1210065
1149390
949990
1549628
978490
1626462
1008780
1104223
985771
1092331
1823812
1092499
1093120
1153387
1059724
1007033
1450282
1111845
1085694
1053564
1043452
1030593
1836367
1067629
1028280
1118363
1059781
1322001
1193910
1063566
1332971
1026949
1395463
1066102
1169085
1052418
1097083
951262
1627263
974239
1127334
1022541
1320588
995213
1073050
1262360
1391627
1218816
1292533
1022048
1065413
1127954
1083945
988087
1115658
1069572
1246805
1058944
1184860
1024541
1072714
1005540
1113057
1024001
986585
1007825
987358
1240090
1073492
1058423
1021118
1100202
1026929
1561718
1025127
1025615
1499873
1711317
1069118
1039950
1010403
1060747
1068605
1083082
1670497
1016115
1009392
1081587
1084059
1515586
1121160
987865
1170734
1084900
1365696
1031239
1091464
1036842
1089917
1021257
1136305
1449555
1013663
1059639
1121358
1097606
1056444
1125655
1024760
1073070
1080211
1110974
1021997
1056282
951276
1087935
1181143
1085450
1037396
1082202
1043704
1535166
1279907
1118316
1012835
1098696
979133
1062753
1094849
1473251
1079875
1032721
1147679
1053776
1056644
964372
1060205
1097574
1221418
1102640
1069015
1724685
1106484
1000633
1913025
982198
1066490
1053997
1007798
1125776
1049876
1124985
967302
1066213
1646088
1114102
1607536
986530
1020260
1029938
1014751
1052689
997646
1093687
1577997
1053767
1029194
1073602
937601
1068881
1012228
998029
1212564
1062217
1008175
1906772
1081057
1216748
1102992
1086232
1030921
1219387
1169148
1211235
1095745
1092306
1097464
1638069
1233298
1236018
1148883
1889035
1017627
1170368
1052677
1124433
966372
1119902
1012887
1031110
1080848
1103585
1279677
1036292
999806
1013145
1024545
1042692
1101103
972804
1155565
1063635
1442328
1133182
1005782
1014315
1078605
995732
1161732
1375213
1300361
1127885
1720300
1360117
1041209
979141
1119498
1045262
1164983
1547470
987018
897656
1513680
1203256
1101956
1064378
1126961
998301
1355459
1025592
1169726
1039744
1295982
961808
1109708
1040377
1032421
938003
1133746
952278
978186
1853664
1099273
1049469
1117270
1928535
1286104
1120279
1003163
1133138
985139
1196872
1846312
1818544
1013542
1733388
1116838
1090252
1108879
1062440
1082947
1001986
1122896
1057431
1141251
953179
1242773
1015659
1068133
1009071
1113865
1140180
1010820
1076826
1141624
1014712
977059
1113246
992591
1055638
1093885
1087999
1095775
1106327
1046872
1301963
1132478
989490
1104103
1104113
967502
1159195
997498
1908438
1019788
1081937
1180446
1568429
1409512
1047224
1124289
1225347
1082341
998077
1139725
1037633
1094397
962845
1141978
1051221
1073501
1555021
1872634
1626807
1547313
1187630
1032822
1867884
1028564
1403480
1687067
1033286
1088759
1050472
1242837
1054672
1108719
1058664
1069825
1023380
1703488
1024761
1150271
1111057
1146837
1040502
1226330
1148787
1055138
1422672
1319327
1035022
1246130
1022067
1415316
1131622
1896479
1029449
1006472
987335
1003594
1352048
1047858
1774080
1076638
1921607
1133839
985250
1053402
1069858
1043668
1273012
1041054
1162292
1058958
1049068
983750
1815336
1051552
1102801
1402410
1735110
1786502
1652721
1071309
1081598
1139959
1119120
1010406
1146988
1126780
981095
1026667
1094688
1016130
1411812
946706
1101316
1022108
1013902
981377
1088976
1793286
1335146
1139820
1056331
1055787
1046231
1260944
987974
1143110
1030797
1324227
1532569
1177342
1018070
998740
1736605
1054805
1010047
1221215
1054828
1069409
1043836
1079735
1004409
1262638
999608
1212385
997534
1303009
1130136
1013055
1266413
1028873
1099085
1003220
1078281
1036960
1144217
965200
1107645
985679
1202485
991467
1005041
995495
1097934
957220
1318124
1106957
1123644
1033592
1008433
1100291
1033600
1605520
931615
1156320
1513909
1089798
976576
1069472
999716
1130368
1010133
997528
1273708
1056392
1120823
996769
1027021
1089675
1067887
1120924
1190043
1658751
932535
1089881
1014788
1228834
1017934
1230652
1638031
1494170
1050537
1044476
1030251
994177
1056202
1158757
1044740
1268442
1039982
1517874
1031763
1017381
1152768
1139969
990648
1118931
1811769
1059063
1015396
1106851
1022543
1100751
1034366
1142089
984048
1088751
1386755
1062080
1114298
991216
1135551
1085555
1114675
1238634
1490575
1084837
1076756
1044882
1033976
990303
1038077
1072169
1573538
1201762
1021364
1233172
1328208
1107696
1887063
1110365
1056766
1043709
1102135
1461506
1180880
1081096
1506159
1346472
1195573
1233803
1339822
1299306
1733700
1855898
1354533
1337419
1070676
994341
1552469
1042820
1191593
1053542
1128232
1097363
1065092
908658
1105832
978649
1340929
1103811
1098249
1588036
1102724
1855029
1125680
992353
1107669
1026938
1064571
1001977
1084182
1037470
1049928
1052835
1300278
1080336
1030371
1130575
1053692
1092225
1013005
1234154
1046987
1044976
1043207
1819005
1012702
1094939
1041597
1026165
1523080
1051572
1114685
951042
1074959
1068235
1222735
989950
1050363
1040206
1722655
1399131
1037509
958647
1558430
1193361
1280845
1498703
1024703
1856935
1775260
1110660
1099620
1067117
1047086
1225857
1061563
1638256
1100868
1019351
1090551
964791
1039982
1424034
991304
1017971
1013281
1029997
1037957
1212404
945278
1168636
1092169
1170400
1083778
1646223
1328931
1106968
1173256
1079483
966029
1097466
1371198
1004866
1058514
1091754
1826331
956559
994989
1796113
1185900
1251749
1028979
1143853
1048818
1206278
1035735
1166416
1069954
1100071
1879701
1079017
1242100
1016419
1079357
1032156
1044917
1075581
1176671
1065500
1078996
1145072
1000248
